0.004701048626023414
0.0033417367946650955
0.0028479424556770994
0.0029597948789650275
0.0038879023760856057
0.0034099409931656055
0.002616433806842622
0.003330056564152528
0.002550518479274899
0.003776318535443579
0.004162750592847431
0.0030652831309225803
0.0033956059792217275
0.0034742619238201655
0.0025322427613687637
0.003443318982085941
0.00269487492220577
0.003936062664202211
0.0035056196244553917
0.0026533701847668567
0.003777361824951697
0.002753583063920928
0.002646150196753183
0.0035545642666647836
0.002856580153007826
0.004195793180628016
0.0028467213386420553
0.002647794662394176
0.004729838085893334
0.004185948573237397
0.002749848599464144
0.0030284375081208736
0.003054447317779818
0.00302676629820553
0.0037234058328579067
0.0035287009805244907
0.00251451245119938
0.0025118724849306773
0.0029945738274363976
0.003660076983024396
0.0040335962954998195
0.0030853313361802748
0.0035892339581948818
0.003907212001124094
0.0035420233968181947
0.003886411273555268
0.0037038344647584154
0.0025345256697306695
0.0030045222569867747
0.003736397935512059
0.0047786760982972964
0.0029160536191881192
0.002660034242751408
0.0037958213329716273
0.00689008420619075
0.0028094569269683234
0.0026990967461131277
0.0026249599673349167
0.0042843203944755714
0.002964644623290269
0.0029746710057736436
0.0029728148658421105
0.0026167908647494187
0.0025111222424811785
0.00393344628727732
0.005034984226938377
0.004113492386750295
0.002914716142697671
0.002858588779076854
0.0035462881869534613
0.0041998141173849035
0.0025462838532064325
0.003068168618284517
0.0027309076945698507
0.0032733766902595107
0.002689021434832739
0.0038226565303887128
0.003987613953682967
0.00299963296620831
0.003593874308080558
0.003614783152642076
0.0038585558462500558
0.00291421484112675
0.0028326068535875493
0.003119395028903682
0.002614524178341071
0.004792076732400119
0.0026123411445269085
0.003522398540184213
0.004039369550071115
0.003025656717966285
0.00429198819551857
0.004644981060778264
0.002879249822683505
0.003921235731070283
0.003993468581001025
0.005337085554913301
0.0025753128715564344
0.0035926682730860193
0.00288493118219435
0.0025398209472200506
0.0030778217208933256
0.002563754700190657
0.004799071631765628
0.0025713004420993
0.0036574822628665515
0.002680389437159647
0.006246233035113846
0.004252972341106442
0.002803301010146697
0.0025811094506309473
0.005115303666798354
0.0038021505176004666
0.002854948489527942
0.0037117406843663048
0.003965429363574913
0.0029300121983624194
0.003165321602352833
0.003585766936453183
0.0026872361452774385
0.0031683012646226416
0.003945762680643838
0.002529119995358542
0.002509227696009475
0.004348457535058969
0.003620205049003289
0.0034061507603269092
0.002663252323600318
0.003737194563996127
0.0027280338694026796
0.004686353481702099
0.004072256231950178
0.0037792424292888427
0.005134214407632953
0.00406711458049358
0.0032090617222024775
0.004533824781219664
0.003773521523328327
0.00402623749863551
0.003370702942106618
0.002595771623248311
0.00370278266797186
0.00475321906372983
0.004776287617687558
0.0039787574795013825
0.003845218347919399
0.00392229524254617
0.0030930654279472947
0.0030874899055675087
0.003696910943574494
0.003212851955026963
0.0035933684467863714
0.002516697764804121
0.0036037274227851412
0.0038358688146331588
0.00363470561609347
0.003239392090392812
0.003694515970607881
0.002974838573948091
0.0036042147822286097
0.0032299995909284007
0.0024876653266687754
0.003091804764437711
0.0028058282996425987
0.0030083045103310724
0.002939187323875103
0.003924774743154558
0.0025893644857433173
0.003565612894021797
0.003756309611787856
0.003893490700647817
0.0035934264950583383
0.0027588038082626554
0.004546543213734822
0.003655916890068056
0.003989087431364169
0.002931243837679176
0.0026854975047285734
0.003969590596454964
0.0036181466171001375
0.0026026903217939434
0.0025919207993752025
0.005783076928594255
0.003942841066645997
0.003856593869159042
0.005127222315877589
0.004606547005607808
0.0030929433688129393
0.0035238239641444125
0.0040569021280703055
0.002478197154061945
0.0027668764560644377
0.0038253562126442375
0.0034453037558819233
0.003827093713312024
0.0026631302644659627
0.003853654893248404
0.0025497136083458827
0.0040699989278891735
0.002856008001003829
0.003715968207955821
0.0029611741817610984
0.15609101500770592
0.00248243878385509
0.002622886575064598
0.002982694597086777
0.003402624876173377
0.002863566160078891
0.0025187065795080343
0.002273199401912507
0.007882504698713433
0.004992663522969565
0.0037963292160867468
0.0030721240968887287
0.0031181053742983522
0.002786793848699176
0.0027412231184058555
0.004013508642429997
0.005113364376171603
0.004438014364225751
0.003118515921414655
0.00284591263392997
0.003054881117890318
0.003226079266795523
0.003035995950355641
0.0028389333328959765
0.00965442606744304
0.009512787311138061
0.009829319140445707
0.0096934280438159
0.008535685166192408
0.008229006467759703
0.008760664987802645
0.09753737415704412
0.010462382799060997
0.009458184544214692
0.07893671580368289
0.008888345142036957
0.009689733119739353
0.011378723970286242
0.009390033722340414
0.010223033828261572
0.008831689639515083
