0.0037132525686014396
0.003708675701782571
0.0038091247196470057
0.002957133868085826
0.0030416506674564303
0.0029594099368566162
0.003960041051110252
0.004714022226853132
0.0034107705933656973
0.002541488737342945
0.003988697929550256
0.0030517723647989214
0.002468557993566378
0.004069627927929531
0.004059020011059289
0.004608268284261641
0.0025217301593514208
0.0032715891208923153
0.002704303548355824
0.003051322271915069
0.0034954928395976026
0.003447811668515044
0.0025698198618826495
0.002503145172418897
0.002301223751857151
0.002698109225022449
0.002471365527974001
0.0034795981525519437
0.0031859570416443717
0.0038014514838096147
0.0027774471063679584
0.002414046071422149
0.002593733973085932
0.0026048488911811774
0.0025990978211467564
0.003594598946179417
0.002619294829784735
0.0025916812408439682
0.003036435622789213
0.004322117411717841
0.002421953430982171
0.00399469794047036
0.005119728922579725
0.0038309678616599285
0.0036062268280829812
0.004974057452571401
0.002911880724084881
0.002691719712274221
0.005179950088432861
0.002703573210581567
0.002573567128507648
0.003682154596020837
0.003435231252211679
0.004035343178486528
0.003651585809222979
0.003381381097284475
0.003795581774454604
0.002709813919949511
0.0031423577456450857
0.0027931281041162492
0.0026568394863772937
0.0028291597365353027
0.0023743149612585057
0.002687720084963985
0.002519349393367065
0.0031135532037751545
0.0028145695542605154
0.00452122901799612
0.004360430812567984
0.0027146044760684163
0.004012565391803946
0.0028218629354910263
0.0028619545233823374
0.00249496212768463
0.0027406049033515956
0.002484089047982252
0.002625968270137946
0.0036670283883779575
0.0026301411652411844
0.0023336592009286505
0.0027308692880296803
0.003799210401751907
0.003696441208944634
0.0029034965273808666
0.0030073938022496804
0.0026611042765125603
0.0031672579750932073
0.003492439171964179
0.005069727576540117
0.004324704764513854
0.004155631007193961
0.0028377718295189425
0.00576528971006951
0.0027250914737351195
0.004626662641499024
0.0034706483785669207
0.0027026915266503693
0.002412166607001609
0.003009058172551704
0.0030683000597662158
0.00338237317811263
0.003571979345224463
0.003466728984051315
0.003643815590862687
0.003471028760941408
0.003526716818839759
0.0028693944281599215
0.0028613846512257624
0.002859222662038974
0.002563976896794884
0.003411150975750843
0.003960872666311843
0.003407563034784289
0.0033702684590366516
0.002816053554283826
0.002584778764287421
0.0025272661353028525
0.0024433391126876813
0.004063800044889376
0.003153518172780423
0.004449478704884768
0.0034205306731109886
0.005424921977407848
0.003948172470813915
0.0035287265848751304
0.0027735126298580326
0.0025222604850796415
0.0034715675939196444
0.003782354672978272
0.0033399364231172513
0.004419439368746225
0.0029011937143081923
0.0038024524192223907
0.006028900074511512
0.0025914695665392173
0.0028847055658047793
0.0038231313525329824
0.0028317612963064676
0.0034481698663739735
0.0037568868513062625
0.0024513150428333574
0.002731926519686567
0.00483530046864189
0.002586858240761103
0.0025586491753983864
0.0025188167878127388
0.003271729944742674
0.0040149985064203975
0.004710967766584417
0.004250334654670951
0.003522038062442334
0.0024972299540308995
0.0038935547115102054
0.005554414220682702
0.0036169869681543787
0.002971833307299221
0.002384670517471932
0.002908730073897914
0.002819614750933397
0.002280352173841038
0.0046048447565567585
0.004292067288417911
0.003925052708154908
0.0026450790230683197
0.0038297931306487953
0.002408959048466386
0.0023631499744283246
0.0037051022307537096
0.002410058106363522
0.002328072016268834
0.005916039348448976
0.0034924608286814873
0.0031451083717684014
0.004201174918364359
0.003401145110046855
0.002734217670479211
0.0036874288289254764
0.0026571709399263455
0.0024009899578913974
0.003436896762480046
0.003184100901705733
0.0034415530694786867
0.003659597866032982
0.00248612073556842
0.002763432758797535
0.0025585746421938893
0.0045812609589575
0.0030151674404237383
0.002685631226086116
0.006043957711597159
0.0059081909122369325
0.003741124480768576
0.004475317526669187
0.004481714141888915
0.0029433613589162633
0.003929197719116928
0.004149592589726581
0.0024359259522270804
0.0034865410506199623
0.004357593114150404
