0.00029723562656366876
0.00023319038106084378
0.00020773650143812716
0.00020937868722026393
0.00018885136494395383
0.0003177629488400058
0.00022990600949679418
0.00017694551802271974
0.0002081470478838554
0.000257412621348152
0.000264391910924644
0.0002639813644726985
0.0002598759000207451
0.00021512633745857102
0.00023236928817027547
0.00020814704788563176
0.00021102087299951222
0.00020814704788563176
0.00018351426115259528
0.00021430524456889088
0.00018064043602805668
0.00025577043556523904
0.00020445212987851846
0.00021676852323793128
0.00024879114598519436
0.0001847459004906682
0.00020322049054044555
0.00025412824977877335
0.0003005199981203077
0.0001802298895796639
0.00022662163793540913
0.0002939512549886558
0.00018064043602805668
0.000248380599543907
0.00028491923319506895
0.0002664446431452916
0.00026398136448335663
0.00026767628249046993
0.00020568376920948594
0.00022990600949412965
0.0002196423483695753
0.00020814704788563176
0.0002500227853374781
0.00021923180190697167
0.00020773650143723899
0.00020157830476819072
0.0002253899985902308
0.00021184196589274507
0.00020855759433402454
0.00021143141945856314
0.0003575859540632109
0.0002114314194443523
0.00023647475262578155
0.00020814704788563176
0.0002188212554585789
0.00020116775831979794
0.00026274972512396744
0.00021717906969342948
0.00023031655592831157
0.0002968250801131944
0.0002056837692236968
0.00021964234838378616
0.00026972901471822297
0.0002471489602271504
0.0002262110915012272
0.0003079098341345343
0.0002336009275154538
0.00023401147393542487
0.0004318948606965023
0.00023647475262578155
0.00022456890570765609
0.00020404158343012568
0.00020814704788563176
0.0002639813644691458
0.00020486267632691124
0.00018228262180741694
0.0003440379213657252
0.000235653659728996
0.00025166497113104924
0.00023236928817027547
0.00022005289480375723
0.00023606420617738877
0.0003345953531095347
0.0003214578668462309
0.00020691540854045343
0.00020486267632691124
0.00029436180145125945
0.0002668551895794735
0.0004630963905469798
0.00025741262135170473
0.00021717906969342948
0.00020527322277530402
0.0003304898886540286
0.0002730133862769435
0.00020445212987851846
0.00020609431564366787
0.00018720917915970858
0.00028902469765057504
0.0002500227853374781
0.00024386458864000815
0.00024263294932325152
0.00028902469767899674
0.0002073259549888462
0.00022005289480375723
0.00022497945212762716
0.00024386458864000815
0.00018269316825580972
0.00024386458864000815
0.0012826056718893142
0.00022128453414893556
0.0012051077085288853
0.00028122431518795565
0.00025700207487489024
0.00018433535404938084
0.0002073259549888462
0.00024016967063289485
0.0002631602715723602
0.0002130736052095017
0.00020445212987851846
0.00026110753935881803
0.0011905374309435501
0.0001904935506900074
0.0004466745327249555
0.00019911502607783405
0.0002204634412237283
0.00026069699288200354
0.00032638442422694425
0.00026849737537304463
0.00020486267629848953
0.0012807913582264518
0.0012040749413699814
0.0002939512550028667
0.00022374781281087053
0.00023852748489616715
0.00022867437019158388
0.0004376425109740012
0.00022949546303152601
0.0005513638763545714
0.00022908491661155495
0.00027752939718084235
0.0003309004350739997
0.0002639813645259892
0.00022703218439801276
0.0003070887412945922
0.00026110753935881803
0.00026316027162920363
0.00021061032657598844
0.00023113764882509713
0.0002315481952450682
0.00020650486214890407
0.00023483256683221043
0.00021553688389985837
0.00030216218391387883
0.0002705501075865868
0.0002894352440989678
0.00035799650049739284
0.0012432885279736183
0.00023113764882509713
0.00026603409668268796
0.00025905480714527584
0.00017899825024869642
0.00019500956165074967
0.000471307319457992
0.0002598759000420614
0.0003641546971380194
0.00022333726633405604
0.00023360092745861039
0.0002955934407964378
0.0001847459004693519
0.00020650486209206065
0.00018187207541586758
0.0003235105990597731
0.0002052732227184606
0.0002660340967395314
0.00026439191094596026
0.00022538999860444164
0.00018761972557967965
0.00022087398770054278
0.0002442751350599792
0.00022333726639089946
0.00023072710240512606
0.0002590548070884324
0.000259875899985218
0.00026480245736593133
0.00022251617343727048
0.0002036310369817329
0.0001831037147326242
0.00026316027162920363
0.00020814704788563176
0.00022169508059732834
0.0012127359631790569
0.0002639813644691458
0.00027178174696018687
0.0002147157910030728
0.0002598759000420614
0.00021184196589274507
0.00021800016259021504
0.0003161207630455465
0.00020486267629848953
0.00022333726633405604