0.00033746917822560183
0.00020691540854711477
0.0002984672658996601
0.00025823371423783215
0.000424505024678723
0.00022128453414183014
0.00021184196589274507
0.00025043333177521276
0.00021348415167565804
0.00023401147394963573
0.0002623391786933382
0.00027096065404919045
0.0002229267199211904
0.00023647475262578155
0.00022497945214894344
0.0002791715829602026
0.00021430524456889088
0.00021800016257600419
0.00020732595499595163
0.00024304349575743345
0.0002368852990670689
0.00021348415167210533
0.00028820360476800033
0.0002549493426755589
0.00021184196589274507
0.00020239939764366
0.0003891980303620812
0.0002331903810599556
0.0002557704355581336
0.00019665174741589908
0.00020404158343012568
0.00022374781282508138
0.00021143141945856314
0.00022949546304573687
0.00020568376920948594
0.00019213573651200022
0.00032884770287466836
0.0002114314194443523
0.0005078459531091539
0.00028122431518795565
0.00020609431565787872
0.0002196423483695753
0.00020691540855466428
0.00026439191091753855
0.0002418118564122551
0.00023031655594252243
0.0002048626763127004
0.0002516649711168384
0.0002344220203980285
0.00020280994408494735
0.00025577043557234447
0.00021019978009917395
0.00024140130996386233
0.00021594743034825115
0.00023647475262578155
0.00023319038106706103
0.00022210562703151027
0.0002307271023909152
0.00025371770333038057
0.0003033938232448463
0.0002652130038143241
0.0002348325668464213
0.00021553688389985837
0.00038221874078203655
0.00024797005312393594
0.0002056837692236968
0.00027342393272533627
0.00024550677440515756
0.0002672657360278663
0.00024222240287485874
0.0012573762687395629
0.00022292671994250668
0.0002093786872308101
0.00026480245736593133
0.00020609431567208958
0.00019870447962944127
0.00019583065451911352
0.00020814704788563176
0.00024755950664712145
0.00020773650143723899
0.0002110208729959595
0.000248380599543907
0.00020978923365078117
0.00026069699291042525
0.00022128453414893556
0.000254538796241377
0.0002130736052379234
0.00021184196589274507
0.00026439191091753855
0.00021758961614182226
0.00020650486209206065
0.0002093786872023884
0.0002036310369817329
0.00029641453369322335
0.00019008300429845804
0.00034444846778569627
0.00019008300429845804
0.00024345404219161537
0.0003251527848533442
0.0003009305445687005
0.0002319587417218827
0.0002504333317858709
0.00024961223888908535
0.00020691540854045343
0.0002500227853374781
0.00020650486209206065
0.00020404158343012568
0.000263570818020753
0.0002730133862769435
0.00021061032654756673
0.0003982300521840898
0.00021964234835536445
0.00022046344125215
0.0002524860639994131
0.00021758961614182226
0.00024222240287485874
0.00037441835831941717
0.00023319038103863932
0.00020855759433402454
0.00023811693839093095
0.0002836875938498906
0.00029025633696733166
0.0002783504900776279
0.00020239939766497628
0.00023647475262578155
0.0002073259549888462
0.0004171151886680491
0.0001814615289106314
0.00021061032654756673
0.0003062676483693849
0.0002676762824762591
0.0002808137687395629
0.0005505427834577858
0.00020075721187140516
0.00020280994411336906
0.00021184196589274507
0.00020855759430560283
0.00020814704788563176
0.00023483256683221043
0.00022005289480375723
0.00021143141941593058
0.0002767083042840568
0.00022990600945149708
0.00020445212987851846
0.00020773650140881728
0.00020691540856887514
0.00024386458864000815
0.0002553598890813191
0.000259875899985218
0.00023483256688905385
0.0002184107090101861
0.00021635797679664392
0.0002709606540634013
0.0001982939332378919
0.0002077365014656607
0.0002262110915012272
0.00021389469810628725
0.0002623391787324181
0.00020322049056176184
0.0002299060095083405
0.00025741262135170473
0.0002598759000420614
0.00025330715692462036
0.00018392480757256635
0.0002110208729959595
0.00023606420620581048
0.00022087398770054278
0.00026274972515238915
0.0002652130038427458
0.00026562355020587347
0.0002619286322556036
0.00023236928819869718
0.00021061032657598844
0.00018392480762940977
0.0001982939331810485
0.00022128453412051385
0.00024345404216319366
0.0012016116626796247
0.0002336009275154538
0.00020814704788563176
0.000273423932753758
0.0002036310369817329
0.00043476868586367345
0.0002409907635296804
0.00027711885070402786
0.0003144785773088188
0.00024920169244069257
0.0002840981402982834
0.0002639813645259892
0.0011809355369791774
0.0005546482478848702
0.00026644464315950245
0.000192546282960393
0.000211431419472774
0.0002340114739922683
0.00024591732085355034
0.0002652130038427458
0.00021800016259021504
0.0002130736052095017
0.00020527322277530402
0.0002208743504118198
0.0002594657796670674
0.0003017521329975605
0.00021307395513670002
0.00029518337908196734
0.0002372962352008027
